1:
0.014432
0.0103729
0.0147748
0.0113959
0.0130566
0.0105211
0.0110326
0.013509
0.0117014
0.0126342
0.0106549
0.0112716
0.0109448
0.0086596
0.0112531
0.0104476
0.010232
0.0096392
0.0087376
0.0115306
2:
0.1011944
0.1144296
0.0928368
0.0872911
0.0858567
0.0885552
0.0938973
0.101501
0.0880634
0.0875243
0.0856161
0.0868186
0.0897105
0.08793
0.0857631
0.0847995
0.0846669
0.0842358
0.0854424
0.0948978
3:
1.6165047
1.6050418
1.6180422
1.6159924
1.622188
1.6111048
1.6298808
1.6067439
1.6254305
1.6013202
1.6090878
1.6251538
1.5934147
1.6009133
1.6287025
1.5902346
1.6068105
1.6216891
1.6133903
1.6070449
4:
1.613635
1.6232406
1.622509
1.5993598
1.5872757
1.6210364
1.6370104
1.5927644
1.6103757
1.6486482
1.6120425
1.606629
1.6190296
1.6030704
1.597498
1.6355152
1.6096482
1.5980781
1.6055061
1.5988594
5:
7.3926319
7.1539658
7.1301729
7.0959299
7.10381
7.0588644
7.0709698
7.1805382
7.0912377
7.0986855
7.0921364
7.0987582
7.1073226
7.1425624
7.0710203
7.1727525
7.3806961
7.112537
7.0863764
7.0762827