1:
0.0162236
0.0100058
0.0099746
0.0098712
0.0104422
0.0104833
0.0101951
0.0107268
0.0106073
0.0115585
0.0102411
0.0100301
0.0109464
0.0105781
0.0095785
0.0102296
0.0099184
0.009569
0.0094594
0.0110889
2:
0.0552166
0.0512023
0.069716
0.0435739
0.0391589
0.0410137
0.0393925
0.0391104
0.0391872
0.0393358
0.0396667
0.0398843
0.0395107
0.0398543
0.0434967
0.0439405
0.0424617
0.0420031
0.0592072
0.0415766
3:
0.3977067
0.3995012
0.4119815
0.3975154
0.3994195
0.3911445
0.4048502
0.3919406
0.3914307
0.3928988
0.4107864
0.4009057
0.3958925
0.3944851
0.407706
0.4221885
0.4000477
0.3939149
0.406297
0.3947577
4:
0.4054139
0.4039548
0.4150552
0.4016685
0.4005128
0.4127886
0.4012107
0.4057723
0.417785
0.4116071
0.4056791
0.4183261
0.4029363
0.4005186
0.4127619
0.4014193
0.4049188
0.4137994
0.4024169
0.4053014
5:
1.585276
1.5885989
1.6114862
1.5677956
1.6044613
1.5851672
1.5848786
1.5716766
1.5848129
1.5887393
1.6115022
1.6741449
1.6785887
1.6287904
1.5960097
1.6336911
1.6103416
1.5712512
1.5774123
1.5744584