1:
0.120183
0.1008643
0.1025561
0.0983899
0.1000477
0.0990924
0.101008
0.1065442
0.098667
0.103041
0.1011151
0.1002924
0.0996351
0.1049156
0.1008659
0.1222674
0.1004492
0.1001429
0.1008762
0.1017938
2:
1.6158684
1.6336373
1.6745772
1.6381382
1.6252153
1.5908028
1.5821944
1.5729115
1.5867252
1.6549518
1.6214728
1.6513196
1.6856324
1.8102798
1.6314425
1.636996
1.7525781
1.8069876
1.5998956
1.7146225
3:
23.700498
23.8010281
23.4164076
23.7814729
23.6160564
23.8450689
23.9931393
24.5234876
23.4627068
23.9205215
23.4904492
22.5905798
22.5647145
22.2724891
23.3003805
21.9717472
22.1809947
22.7856124
23.2099502
23.9647154
4:
22.8515555
20.7832091
21.1712959
22.4351327
21.0325679
24.1021477
24.2989497
24.2428549
24.5081803
23.7593702
24.1187744
23.7555172
24.3328442
24.3713105
24.929907
24.313112
28.7142908
35.7537859
27.3024513
23.4324945
5:
83.7095994
82.2626638
84.3954241
87.8036199
80.469175
86.3170849
92.607322
92.8750837
92.9736579
92.7325988
92.0810266
92.8187552
93.118611
91.5254476
94.2357327
92.6331365
93.3148535
92.3758389
92.4616221
92.4520264