1:
0.150213
0.1061969
0.1155143
0.1070792
0.1074991
0.1071953
0.1074027
0.1114692
0.1098869
0.107126
0.1042131
0.103789
0.1106554
0.1092969
0.1033144
0.1049747
0.1055515
0.1066965
0.108893
0.1044352
2:
0.2926174
0.2844791
0.2641131
0.2969479
0.2845337
0.2860573
0.2831995
0.3081004
0.2784141
0.2769501
0.2831863
0.2850026
0.2932755
0.2964511
0.3007253
0.2693923
0.2843375
0.2676918
0.2989982
0.2789778
3:
1.0257487
1.0324402
1.0228556
1.0264118
1.0289978
1.0110872
1.0282629
1.0300853
1.0124905
1.0364813
0.9992659
0.9994305
1.0734975
1.0507298
1.0473854
1.0194645
1.0151672
1.0718948
1.0384195
1.0167536
4:
0.9776419
0.9861181
0.9667111
0.9759619
0.9800633
0.9822183
0.9697171
1.0159908
0.9770441
0.9694921
0.9815659
0.9848676
1.0111467
0.9843301
0.9530262
0.9683069
0.96533
0.9719624
0.9854854
0.9685877
5:
3.6514982
5.6051572
3.6579652
5.4706858
3.6133595
3.626036
3.6101133
3.7239592
3.6371056
3.6219256
3.6082523
3.6669734
3.6339567
3.5408612
3.6279627
5.4816864
5.4622252
5.4530416
3.6675827
3.627388